# Standard sweep, 512 integers evenly spaced between -32768 and 32767
-32768
-32112.65
-31457.3
-30801.95
-30146.6
-29491.25
-28835.9
-28180.55
-27525.2
-26869.85
-26214.5
-25559.15
-24903.8
-24248.45
-23593.1
-22937.75
-22282.4
-21627.05
-20971.7
-20316.35
-19661
-19005.65
-18350.3
-17694.95
-17039.6
-16384.25
-16313.32468
-16242.39935
-16171.47403
-16100.5487
-16029.62338
-15958.69805
-15887.77273
-15816.8474
-15745.92208
-15674.99675
-15604.07143
-15533.1461
-15462.22078
-15391.29545
-15320.37013
-15249.44481
-15178.51948
-15107.59416
-15036.66883
-14965.74351
-14894.81818
-14823.89286
-14752.96753
-14682.04221
-14611.11688
-14540.19156
-14469.26623
-14398.34091
-14327.41558
-14256.49026
-14185.56494
-14114.63961
-14043.71429
-13972.78896
-13901.86364
-13830.93831
-13760.01299
-13689.08766
-13618.16234
-13547.23701
-13476.31169
-13405.38636
-13334.46104
-13263.53571
-13192.61039
-13121.68506
-13050.75974
-12979.83442
-12908.90909
-12837.98377
-12767.05844
-12696.13312
-12625.20779
-12554.28247
-12483.35714
-12412.43182
-12341.50649
-12270.58117
-12199.65584
-12128.73052
-12057.80519
-11986.87987
-11915.95455
-11845.02922
-11774.1039
-11703.17857
-11632.25325
-11561.32792
-11490.4026
-11419.47727
-11348.55195
-11277.62662
-11206.7013
-11135.77597
-11064.85065
-10993.92532
-10923
-10852.07468
-10781.14935
-10710.22403
-10639.2987
-10568.37338
-10497.44805
-10426.52273
-10355.5974
-10284.67208
-10213.74675
-10142.82143
-10071.8961
-10000.97078
-9930.045455
-9859.12013
-9788.194805
-9717.269481
-9646.344156
-9575.418831
-9504.493506
-9433.568182
-9362.642857
-9291.717532
-9220.792208
-9149.866883
-9078.941558
-9008.016234
-8937.090909
-8866.165584
-8795.24026
-8724.314935
-8653.38961
-8582.464286
-8511.538961
-8440.613636
-8369.688312
-8298.762987
-8227.837662
-8156.912338
-8085.987013
-8015.061688
-7944.136364
-7873.211039
-7802.285714
-7731.36039
-7660.435065
-7589.50974
-7518.584416
-7447.659091
-7376.733766
-7305.808442
-7234.883117
-7163.957792
-7093.032468
-7022.107143
-6951.181818
-6880.256494
-6809.331169
-6738.405844
-6667.480519
-6596.555195
-6525.62987
-6454.704545
-6383.779221
-6312.853896
-6241.928571
-6171.003247
-6100.077922
-6029.152597
-5958.227273
-5887.301948
-5816.376623
-5745.451299
-5674.525974
-5603.600649
-5532.675325
-5461.75
-5390.824675
-5319.899351
-5248.974026
-5178.048701
-5107.123377
-5036.198052
-4965.272727
-4894.347403
-4823.422078
-4752.496753
-4681.571429
-4610.646104
-4539.720779
-4468.795455
-4397.87013
-4326.944805
-4256.019481
-4185.094156
-4114.168831
-4043.243506
-3972.318182
-3901.392857
-3830.467532
-3759.542208
-3688.616883
-3617.691558
-3546.766234
-3475.840909
-3404.915584
-3333.99026
-3263.064935
-3192.13961
-3121.214286
-3050.288961
-2979.363636
-2908.438312
-2837.512987
-2766.587662
-2695.662338
-2624.737013
-2553.811688
-2482.886364
-2411.961039
-2341.035714
-2270.11039
-2199.185065
-2128.25974
-2057.334416
-1986.409091
-1915.483766
-1844.558442
-1773.633117
-1702.707792
-1631.782468
-1560.857143
-1489.931818
-1419.006494
-1348.081169
-1277.155844
-1206.230519
-1135.305195
-1064.37987
-993.4545455
-922.5292208
-851.6038961
-780.6785714
-709.7532468
-638.8279221
-567.9025974
-496.9772727
-426.0519481
-355.1266234
-284.2012987
-213.275974
-142.3506494
-71.42532468
-0.5
70.42532468
141.3506494
212.275974
283.2012987
354.1266234
425.0519481
495.9772727
566.9025974
637.8279221
708.7532468
779.6785714
850.6038961
921.5292208
992.4545455
1063.37987
1134.305195
1205.230519
1276.155844
1347.081169
1418.006494
1488.931818
1559.857143
1630.782468
1701.707792
1772.633117
1843.558442
1914.483766
1985.409091
2056.334416
2127.25974
2198.185065
2269.11039
2340.035714
2410.961039
2481.886364
2552.811688
2623.737013
2694.662338
2765.587662
2836.512987
2907.438312
2978.363636
3049.288961
3120.214286
3191.13961
3262.064935
3332.99026
3403.915584
3474.840909
3545.766234
3616.691558
3687.616883
3758.542208
3829.467532
3900.392857
3971.318182
4042.243506
4113.168831
4184.094156
4255.019481
4325.944805
4396.87013
4467.795455
4538.720779
4609.646104
4680.571429
4751.496753
4822.422078
4893.347403
4964.272727
5035.198052
5106.123377
5177.048701
5247.974026
5318.899351
5389.824675
5460.75
5531.675325
5602.600649
5673.525974
5744.451299
5815.376623
5886.301948
5957.227273
6028.152597
6099.077922
6170.003247
6240.928571
6311.853896
6382.779221
6453.704545
6524.62987
6595.555195
6666.480519
6737.405844
6808.331169
6879.256494
6950.181818
7021.107143
7092.032468
7162.957792
7233.883117
7304.808442
7375.733766
7446.659091
7517.584416
7588.50974
7659.435065
7730.36039
7801.285714
7872.211039
7943.136364
8014.061688
8084.987013
8155.912338
8226.837662
8297.762987
8368.688312
8439.613636
8510.538961
8581.464286
8652.38961
8723.314935
8794.24026
8865.165584
8936.090909
9007.016234
9077.941558
9148.866883
9219.792208
9290.717532
9361.642857
9432.568182
9503.493506
9574.418831
9645.344156
9716.269481
9787.194805
9858.12013
9929.045455
9999.970779
10070.8961
10141.82143
10212.74675
10283.67208
10354.5974
10425.52273
10496.44805
10567.37338
10638.2987
10709.22403
10780.14935
10851.07468
10922
10992.92532
11063.85065
11134.77597
11205.7013
11276.62662
11347.55195
11418.47727
11489.4026
11560.32792
11631.25325
11702.17857
11773.1039
11844.02922
11914.95455
11985.87987
12056.80519
12127.73052
12198.65584
12269.58117
12340.50649
12411.43182
12482.35714
12553.28247
12624.20779
12695.13312
12766.05844
12836.98377
12907.90909
12978.83442
13049.75974
13120.68506
13191.61039
13262.53571
13333.46104
13404.38636
13475.31169
13546.23701
13617.16234
13688.08766
13759.01299
13829.93831
13900.86364
13971.78896
14042.71429
14113.63961
14184.56494
14255.49026
14326.41558
14397.34091
14468.26623
14539.19156
14610.11688
14681.04221
14751.96753
14822.89286
14893.81818
14964.74351
15035.66883
15106.59416
15177.51948
15248.44481
15319.37013
15390.29545
15461.22078
15532.1461
15603.07143
15673.99675
15744.92208
15815.8474
15886.77273
15957.69805
16028.62338
16099.5487
16170.47403
16241.39935
16312.32468
16383.25
17038.6
17693.95
18349.3
19004.65
19660
20315.35
20970.7
21626.05
22281.4
22936.75
23592.1
24247.45
24902.8
25558.15
26213.5
26868.85
27524.2
28179.55
28834.9
29490.25
30145.6
30800.95
31456.3
32111.65