# Standard sweep, 512 integers evenly spaced between -32768 and 32767
-32768
-32636
-32505
-32374
-32242
-32111
-31980
-31848
-31717
-31586
-31454
-31323
-31192
-31060
-30929
-30798
-30666
-30535
-30404
-30272
-30141
-30010
-29878
-29747
-29616
-29484
-29353
-29222
-29090
-28959
-28828
-28696
-28565
-28434
-28302
-28171
-28040
-27908
-27777
-27646
-27514
-27383
-27252
-27120
-26989
-26858
-26726
-26595
-26464
-26332
-26201
-26070
-25938
-25807
-25676
-25544
-25413
-25282
-25150
-25019
-24888
-24756
-24625
-24494
-24362
-24231
-24100
-23968
-23837
-23706
-23574
-23443
-23312
-23180
-23049
-22918
-22786
-22655
-22524
-22392
-22261
-22130
-21998
-21867
-21736
-21604
-21473
-21342
-21210
-21079
-20948
-20816
-20685
-20554
-20422
-20291
-20160
-20028
-19897
-19766
-19634
-19503
-19372
-19240
-19109
-18978
-18846
-18715
-18584
-18452
-18321
-18190
-18058
-17927
-17796
-17664
-17533
-17402
-17270
-17139
-17008
-16876
-16745
-16614
-16482
-16351
-16220
-16088
-15957
-15826
-15694
-15563
-15432
-15300
-15169
-15038
-14906
-14775
-14644
-14512
-14381
-14250
-14118
-13987
-13856
-13724
-13593
-13462
-13330
-13199
-13068
-12936
-12805
-12674
-12542
-12411
-12280
-12148
-12017
-11886
-11754
-11623
-11492
-11360
-11229
-11098
-10966
-10835
-10704
-10572
-10441
-10310
-10178
-10047
-9916
-9784
-9653
-9522
-9390
-9259
-9128
-8996
-8865
-8734
-8602
-8471
-8340
-8208
-8077
-7946
-7814
-7683
-7552
-7420
-7289
-7158
-7026
-6895
-6764
-6632
-6501
-6370
-6238
-6107
-5976
-5844
-5713
-5582
-5450
-5319
-5188
-5056
-4925
-4794
-4662
-4531
-4400
-4268
-4137
-4006
-3874
-3743
-3612
-3480
-3349
-3218
-3086
-2955
-2824
-2692
-2561
-2430
-2298
-2167
-2036
-1904
-1773
-1642
-1510
-1379
-1248
-1116
-985
-854
-722
-591
-460
-328
-197
-66
65
196
327
459
590
721
853
984
1115
1247
1378
1509
1641
1772
1903
2035
2166
2297
2429
2560
2691
2823
2954
3085
3217
3348
3479
3611
3742
3873
4005
4136
4267
4399
4530
4661
4793
4924
5055
5187
5318
5449
5581
5712
5843
5975
6106
6237
6369
6500
6631
6763
6894
7025
7157
7288
7419
7551
7682
7813
7945
8076
8207
8339
8470
8601
8733
8864
8995
9127
9258
9389
9521
9652
9783
9915
10046
10177
10309
10440
10571
10703
10834
10965
11097
11228
11359
11491
11622
11753
11885
12016
12147
12279
12410
12541
12673
12804
12935
13067
13198
13329
13461
13592
13723
13855
13986
14117
14249
14380
14511
14643
14774
14905
15037
15168
15299
15431
15562
15693
15825
15956
16087
16219
16350
16481
16613
16744
16875
17007
17138
17269
17401
17532
17663
17795
17926
18057
18189
18320
18451
18583
18714
18845
18977
19108
19239
19371
19502
19633
19765
19896
20027
20159
20290
20421
20553
20684
20815
20947
21078
21209
21341
21472
21603
21735
21866
21997
22129
22260
22391
22523
22654
22785
22917
23048
23179
23311
23442
23573
23705
23836
23967
24099
24230
24361
24493
24624
24755
24887
25018
25149
25281
25412
25543
25675
25806
25937
26069
26200
26331
26463
26594
26725
26857
26988
27119
27251
27382
27513
27645
27776
27907
28039
28170
28301
28433
28564
28695
28827
28958
29089
29221
29352
29483
29615
29746
29877
30009
30140
30271
30403
30534
30665
30797
30928
31059
31191
31322
31453
31585
31716
31847
31979
32110
32241
32373
32504
32635
32767