-2757
18403
27765
22507
-3014
26482
21737
9041
-10965
22891
3782
4937
16992
23661
28150
-21610
32254
-15197
18916
3141
10067
5834
26354
2628
8271
30458
-5579
19557
30843
24815
-7759
16607
1602
-14043
8015
-1731
-24431
11862
18146
3269
-26996
-10837
-11735
3398
-3783
-23534
-7374
-13787
4680
-17506
-18275
-8529
-19558
-30074
3013
12503
-12248
-18404
21352
-9555
-8272
-3527
31228
25713
-12376
24943
21224
13914
8143
-2501
-30587
-24688
19300
20839
-7118
-5322
-15710
-11350
11092
-705
29689
-449
-4425
-17121
6604
-2244
-321
-31357
5578
32510
2885
9425
-14556
-21738
-12761
-19045
-6092
-16993
-32511
-1475
-21097
-19173
-10581
-20712
191
-11478
-26227
30073
-30459
21096
-14941
-31100
-1347
-12504
-5451
-28151
-10068
30202
-577
31484
2372
-1090
1217
-21866
14812
2500
-25457
-9939
10580
-21995
2115
-1860
-18917
-15839
-30844
-3142
26226
-28022
30971
-8400
-20199
-16223
-25329
1730
14427
14555
15709
31099
21609
6989
-27381
25585
63
15581
22250
4808
10451
-12632
22122
-13145
-25586
-28792
-23149
1346
25072
8912
-16480
-22123
-30331
-8657
29304
-10324
-962
-28920
6860
-24816
18787
448
-9298
20455
-17762
6219
-24303
-16736
15453
9169
-31613
-15454
-26740
-17249
25200
-22379
-21482
25969
7117
-14428
10195
-19301
-20456
-15967
-26483
21865
16351
6476
-24944
15196
13529
23533
20326
26867
-20584
-28279
25841
833
27508
-17634
576
19685
-22764
-23918
17377
12375
27252
5065
-13402
-5194
-5835
13144
-28664
-22892
24174
27637
4167
4039
-27766
8656
-192
10708
17761
26098
-29946
-7631
24430
24046
-16352
-25201
29560
13273
1089
18531
-6348
19813
-20327
-4296
-11863
10323
1474
12888
12247
31869
-29561
-19430
4552
-24047
7502
-6477
-9170
-6733
-15326
17120
28663
-6605
-8913
-9811
-20840
-3912
-20969
-11606
3911
28406
20198
-8144
-6990
-11991
-28407
9297
32767
5706
19044
-14171
3654
-32255
-28535
-2886
-26099
7373
-31229
23020
-26868
15838
21994
-20071
-29690
17505
-5964
12631
-25073
24302
18659
23404
7245
-1603
29176
-32639
-10196
19429
-31998
-4040
-29305
7630
-21225
-4809
-6220
1859
20711
-12119
23789
23148
-8785
-27125
-27638
-23790
24559
28791
13657
-8016
31997
-16608
22378
22635
4424
-834
961
-4553
12118
-18147
17633
-23405
-3655
-16095
23917
6091
-1988
-3270
25456
-18019
13016
1987
-13658
10964
-29048
17890
-14813
16735
-24560
-23662
6347
-2116
-29433
18018
-30203
20583
5450
14042
-29818
31612
-22508
26739
30715
23276
8399
27380
-25970
-4681
-3399
9682
-17378
-32126
-64
29432
11349
32638
28021
-31742
-13530
9938
-26612
-7246
-18660
17248
11221
11734
-5066
-23021
31356
29047
-15582
15966
-27509
9810
-14300
-19686
-25714
18274
-2373
15068
11990
13401
11477
-13915
-16865
27124
-27894
-9683
-2629
26995
14940
-10709
-32768
19172
-30972
3526
20070
-15069
-24175
-9042
24687
-19814
-4938
21481
-31485
-29177
29945
26611
11605
-7887
-10452
16094
2243
-13274
29817
-7503
-30716
8784
32125
-9426
32382
19942
-4168
-13017
-27253
8528
13786
-23277
-11222
7758
-22636
-17891
-1218
6732
14683
30586
12760
14170
-5707
7886
-11093
-18788
-19943
16864
-14684
5963
16479
-18532
28919
14299
-25842
9554
-22251
25328
-21353
-32383
27893
-26355
10836
16222
30330
5321
-12889
5193
320
704
31741
22763
15325
4295
2756
28534
28278
-31870
20968
-6861