# Standard sweep, 512 integers evenly spaced between -32768 and 32767
-32768
-32639
-32511
-32383
-32255
-32126
-31998
-31870
-31742
-31613
-31485
-31357
-31229
-31100
-30972
-30844
-30716
-30587
-30459
-30331
-30203
-30074
-29946
-29818
-29690
-29561
-29433
-29305
-29177
-29048
-28920
-28792
-28664
-28535
-28407
-28279
-28151
-28022
-27894
-27766
-27638
-27509
-27381
-27253
-27125
-26996
-26868
-26740
-26612
-26483
-26355
-26227
-26099
-25970
-25842
-25714
-25586
-25457
-25329
-25201
-25073
-24944
-24816
-24688
-24560
-24431
-24303
-24175
-24047
-23918
-23790
-23662
-23534
-23405
-23277
-23149
-23021
-22892
-22764
-22636
-22508
-22379
-22251
-22123
-21995
-21866
-21738
-21610
-21482
-21353
-21225
-21097
-20969
-20840
-20712
-20584
-20456
-20327
-20199
-20071
-19943
-19814
-19686
-19558
-19430
-19301
-19173
-19045
-18917
-18788
-18660
-18532
-18404
-18275
-18147
-18019
-17891
-17762
-17634
-17506
-17378
-17249
-17121
-16993
-16865
-16736
-16608
-16480
-16352
-16223
-16095
-15967
-15839
-15710
-15582
-15454
-15326
-15197
-15069
-14941
-14813
-14684
-14556
-14428
-14300
-14171
-14043
-13915
-13787
-13658
-13530
-13402
-13274
-13145
-13017
-12889
-12761
-12632
-12504
-12376
-12248
-12119
-11991
-11863
-11735
-11606
-11478
-11350
-11222
-11093
-10965
-10837
-10709
-10581
-10452
-10324
-10196
-10068
-9939
-9811
-9683
-9555
-9426
-9298
-9170
-9042
-8913
-8785
-8657
-8529
-8400
-8272
-8144
-8016
-7887
-7759
-7631
-7503
-7374
-7246
-7118
-6990
-6861
-6733
-6605
-6477
-6348
-6220
-6092
-5964
-5835
-5707
-5579
-5451
-5322
-5194
-5066
-4938
-4809
-4681
-4553
-4425
-4296
-4168
-4040
-3912
-3783
-3655
-3527
-3399
-3270
-3142
-3014
-2886
-2757
-2629
-2501
-2373
-2244
-2116
-1988
-1860
-1731
-1603
-1475
-1347
-1218
-1090
-962
-834
-705
-577
-449
-321
-192
-64
63
191
320
448
576
704
833
961
1089
1217
1346
1474
1602
1730
1859
1987
2115
2243
2372
2500
2628
2756
2885
3013
3141
3269
3398
3526
3654
3782
3911
4039
4167
4295
4424
4552
4680
4808
4937
5065
5193
5321
5450
5578
5706
5834
5963
6091
6219
6347
6476
6604
6732
6860
6989
7117
7245
7373
7502
7630
7758
7886
8015
8143
8271
8399
8528
8656
8784
8912
9041
9169
9297
9425
9554
9682
9810
9938
10067
10195
10323
10451
10580
10708
10836
10964
11092
11221
11349
11477
11605
11734
11862
11990
12118
12247
12375
12503
12631
12760
12888
13016
13144
13273
13401
13529
13657
13786
13914
14042
14170
14299
14427
14555
14683
14812
14940
15068
15196
15325
15453
15581
15709
15838
15966
16094
16222
16351
16479
16607
16735
16864
16992
17120
17248
17377
17505
17633
17761
17890
18018
18146
18274
18403
18531
18659
18787
18916
19044
19172
19300
19429
19557
19685
19813
19942
20070
20198
20326
20455
20583
20711
20839
20968
21096
21224
21352
21481
21609
21737
21865
21994
22122
22250
22378
22507
22635
22763
22891
23020
23148
23276
23404
23533
23661
23789
23917
24046
24174
24302
24430
24559
24687
24815
24943
25072
25200
25328
25456
25585
25713
25841
25969
26098
26226
26354
26482
26611
26739
26867
26995
27124
27252
27380
27508
27637
27765
27893
28021
28150
28278
28406
28534
28663
28791
28919
29047
29176
29304
29432
29560
29689
29817
29945
30073
30202
30330
30458
30586
30715
30843
30971
31099
31228
31356
31484
31612
31741
31869
31997
32125
32254
32382
32510
32638
32767